king: 1:1:7.89948 (10,10,78.9948)
bishopo: 1:1:7.3825727(8,8,59.06058)
knight: 1:1:1(7,7,7)
queen: 1:1:8.3753075 (9,9,66.4431)
rock: 1:1:1(7,7,7)
pawn: 1:1:1(6,6,6)

board:19.358762:1:1()